F1	F2	F3	F4	F5	F6	F7	F8	F9	F11	F12	F13	F14	¾¶Á÷Á¿
0.737	0.089	0.065	0.454	2.87	2.87	0	0	49.174	8.061	24.238	16.875	0.642	17.4
0	0	0.014	0.095	2.05	2.05	0	0	47.777	6.664	24.238	16.875	0.128	19.4
7.894	3.844	0.31	2.171	5.227	5.227	0	0	72.667	20	35.792	16.875	6.629	31.6
1.638	0.658	0.24	1.681	0.512	0.512	0	0	76.687	20	39.812	16.875	2.263	164
0	0	0.083	0.58	3.28	3.28	0	0	73.536	16.849	39.812	16.875	0.453	176
0	0	0.016	0.11	4.92	4.92	0	0	68.616	11.929	39.812	16.875	0.091	85.8
0	0	0.003	0.02	4.51	4.51	0	0	64.106	7.419	39.812	16.875	0.018	52
0	0	0.001	0.004	5.023	5.023	0	0	59.084	2.397	39.812	16.875	0.004	39.4
0	0	0	0.001	3.514	2.397	1.117	0	55.57	0	38.695	16.875	0.001	31.7
0	0	0	0	1.814	0.288	1.526	0	54.044	0	37.169	16.875	0	26.4
0	0	0	0	2.2	1.771	0.43	0	53.614	0	36.739	16.875	0	23.2
0	0	0	0	0.827	0.224	0.603	0	53.011	0	36.136	16.875	0	23.2
0	0	0	0	1.875	0.124	1.752	0	51.259	0	34.384	16.875	0	25.3
0	0	0	0	0.812	0.059	0.753	0	50.506	0	33.631	16.875	0	21.1
0	0	0	0	2.306	1.094	1.212	0	49.294	0	32.419	16.875	0	18.9
5.462	2.139	0.255	1.786	2.972	2.972	0	0	67.2	17.906	32.419	16.875	5.483	24.7
0.135	0.052	0.136	0.955	0.922	0.922	0	0	67.578	18.284	32.419	16.875	1.038	95.6
6.082	2.349	0.311	2.174	0.82	0.82	0	0	82.358	20	45.483	16.875	5.221	90.9
0	0	0.211	1.478	0.615	0.615	0	0	81.767	19.409	45.483	16.875	1.044	182
0	0	0.042	0.293	3.997	3.997	0	0	77.769	15.411	45.483	16.875	0.209	110
0	0	0.008	0.055	0.41	0.41	0	0	77.548	15.189	45.483	16.875	0.042	62
0	0	0.002	0.011	3.177	3.177	0	0	75.364	13.006	45.483	16.875	0.008	46
7.244	2.744	0.345	2.415	3.28	3.28	0	0	90.417	20	53.542	16.875	5.364	35.8
0	0	0.249	1.742	3.793	3.793	0	0	86.659	16.243	53.542	16.875	1.073	103
0	0	0.047	0.327	3.485	3.485	0	0	83.686	13.27	53.542	16.875	0.215	105
14.2	7.366	0.526	3.681	0.102	0.102	0	0	105.884	20	69.009	16.875	6.971	56.3
4.677	2.18	0.477	3.342	2.05	2.05	0	0	110.81	20	73.935	16.875	2.869	328
2.084	0.644	0.284	1.986	0.102	0.102	0	0	112.7	20	75.825	16.875	1.082	274
0	0	0.076	0.53	0.615	0.615	0	0	112.085	19.385	75.825	16.875	0.216	196
10.177	3.289	0.55	3.847	0.307	0.307	0	0	119.124	20	82.249	16.875	4.471	121
0	0	0.374	2.62	2.152	2.152	0	0	118.707	19.583	82.249	16.875	0.894	139
62.563	42.79	1.568	10.978	2.255	2.255	0	0	121.406	20	84.531	16.875	8.319	194
7.402	4.19	1.05	7.35	1.845	1.845	0	0	121.406	20	84.531	16.875	2.788	1330
67.008	47.95	1.687	11.809	3.997	3.997	0	0	121.406	20	84.531	16.875	8.35	446
62.658	48.681	1.763	12.34	3.895	3.895	0	0	121.406	20	84.531	16.875	8.223	1620
11.351	6.355	1.182	8.277	1.537	1.537	0	0	121.406	20	84.531	16.875	3.76	1750
0	0	0.376	2.632	3.69	3.69	0	0	117.728	16.322	84.531	16.875	0.752	481
0	0	0.06	0.42	4.305	4.305	0	0	113.447	12.04	84.531	16.875	0.15	190
0	0	0.011	0.075	4.407	4.407	0	0	109.063	7.656	84.531	16.875	0.03	110
5.415	1.159	0.342	2.392	2.05	2.05	0	0	114.003	12.597	84.531	16.875	2.954	76.6
0	0	0.213	1.492	3.075	3.075	0	0	110.928	9.522	84.531	16.875	0.591	97.5
0	0	0.04	0.278	4.1	4.1	0	0	106.828	5.422	84.531	16.875	0.118	66.4
0	0	0.007	0.051	3.895	3.895	0	0	102.945	1.539	84.531	16.875	0.024	47.5
0	0	0.001	0.01	4.464	2.18	2.284	0	99.122	0	82.247	16.875	0.005	29.6
0	0	0	0.002	5.214	0.718	4.496	0	94.626	0	77.751	16.875	0.001	23.2
0	0	0	0	5.765	4.118	1.647	0	92.979	0	76.104	16.875	0	19.6
0	0	0	0	3.079	0.029	3.049	0	89.93	0	73.055	16.875	0	24.3
1.458	0.192	0.127	0.886	4.612	4.612	0	0	92.477	2.547	73.055	16.875	0.695	19.6
8.261	3.048	0.421	2.948	2.972	2.972	0	0	104.414	14.484	73.055	16.875	5.127	39
33.752	22.18	1.058	7.409	4.715	4.715	0	0	121.406	20	84.531	16.875	7.819	104
0	0	0.782	5.473	3.075	3.075	0	0	118.331	16.925	84.531	16.875	1.564	751
0	0	0.127	0.89	1.742	1.742	0	0	117.071	15.665	84.531	16.875	0.313	218
9.412	2.639	0.568	3.977	1.64	1.64	0	0	121.225	19.819	84.531	16.875	3.578	110
0.185	0.042	0.263	1.838	1.23	1.23	0	0	121.263	19.857	84.531	16.875	0.632	126
0	0	0.06	0.422	4.305	4.305	0	0	116.97	15.564	84.531	16.875	0.126	96.4
0	0	0.01	0.069	2.255	2.255	0	0	114.721	13.314	84.531	16.875	0.025	58
0	0	0.002	0.013	4.715	4.715	0	0	110.006	8.599	84.531	16.875	0.005	44.5
0	0	0	0.002	5.535	5.535	0	0	105.841	4.435	84.531	16.875	0.001	33
0	0	0	0	3.69	3.69	0	0	102.151	0.745	84.531	16.875	0	23.2
0	0	0	0	5.339	0.745	4.594	0	96.812	0	79.937	16.875	0	18.1
0	0	0	0	5.32	0	5.32	0	91.492	0	74.617	16.875	0	14.4
0	0	0	0	5.232	0	5.232	0	86.26	0	69.385	16.875	0	11.7
0	0	0	0	3.886	3.847	0.039	0	86.222	0	69.347	16.875	0	10.6
0	0	0	0	3.566	0.535	3.031	0	83.191	0	66.316	16.875	0	10.6
0	0	0	0	4.714	1.982	2.732	0	80.459	0	63.584	16.875	0	10.6
0	0	0	0	3.826	2.482	1.344	0	79.116	0	62.241	16.875	0	12.3
0	0	0	0	4.142	0	4.142	0	74.974	0	58.099	16.875	0	11.7
4.087	1.07	0.242	1.695	6.355	6.355	0	0	84.096	9.122	58.099	16.875	3.492	11.1
2.451	0.762	0.25	1.75	2.05	2.05	0	0	88.848	13.874	58.099	16.875	2.263	28.8
0	0	0.102	0.716	3.382	3.382	0	0	87.054	12.08	58.099	16.875	0.453	79
0	0	0.02	0.139	5.535	5.535	0	0	81.519	6.545	58.099	16.875	0.091	34.8
0	0	0.004	0.025	5.432	5.432	0	0	77.274	2.301	58.099	16.875	0.018	18.9
0	0	0.001	0.005	4.203	2.301	1.902	0	73.071	0	56.196	16.875	0.004	12.3
0	0	0	0.001	3.811	0.012	3.799	0	69.272	0	52.397	16.875	0.001	10.1
0	0	0	0	3.953	0.076	3.876	0	65.396	0	48.521	16.875	0	8.6
0	0	0	0	3.751	0.006	3.745	0	61.651	0	44.776	16.875	0	7.23
0	0	0	0	3.352	0	3.352	0	58.299	0	41.424	16.875	0	5.93
0	0	0	0	2.841	1.488	1.353	0	56.946	0	40.071	16.875	0	4.83
0	0	0	0	3.644	3.159	0.485	0	56.461	0	39.586	16.875	0	5.56
0	0	0	0	3.829	3.076	0.752	0	55.709	0	38.834	16.875	0	6.35
0	0	0	0	2.848	1.235	1.613	0	54.096	0	37.221	16.875	0	7.68
0	0	0	0	2.477	0	2.477	0	51.619	0	34.744	16.875	0	5.93
0	0	0	0	5.392	5.088	0.304	0	51.315	0	34.44	16.875	0	5.93
0	0	0	0	2.528	0.665	1.863	0	49.452	0	32.577	16.875	0	5.19
0.236	0.009	0.023	0.159	3.793	3.793	0	0	50.348	0.895	32.577	16.875	0.217	4.83
0	0	0.005	0.033	3.112	0.895	2.217	0	47.235	0	30.36	16.875	0.043	5.73
0	0	0.001	0.006	1.863	0.035	1.828	0	45.408	0	28.533	16.875	0.009	11.1
0	0	0	0.001	2.204	0	2.204	0	43.203	0	26.328	16.875	0.002	7.23
0	0	0	0	1.877	0	1.877	0	41.326	0	24.451	16.875	0	5.19
0	0	0	0	1.598	0	1.598	0	39.728	0	22.853	16.875	0	3.27
0	0	0	0	1.521	0	1.521	0	38.207	0	21.332	16.875	0	3.03
0	0	0	0	1.268	0	1.268	0	36.94	0	20.065	16.875	0	2.6
0.17	0.006	0.016	0.115	5.125	5.125	0	0	37.739	0.799	20.065	16.875	0.187	3.11
2.819	0.823	0.164	1.146	2.46	2.46	0	0	49.63	12.691	20.065	16.875	3.751	5.62
0.796	0.283	0.123	0.863	4.1	4.1	0	0	52.593	15.653	20.065	16.875	1.164	8.61
0	0	0.027	0.186	2.357	2.357	0	0	50.253	13.314	20.065	16.875	0.233	15
0	0	0.005	0.035	4.51	4.51	0	0	45.743	8.804	20.065	16.875	0.047	15.1
0	0	0.001	0.006	4.51	4.51	0	0	41.233	4.294	20.065	16.875	0.009	8.6
4.583	1.715	0.22	1.538	7.175	7.175	0	0	58.581	20	21.706	16.875	5.321	6.94
0.548	0.228	0.143	1.002	3.895	3.895	0	0	60.349	20	23.474	16.875	1.21	25.8
0	0	0.033	0.228	4.715	4.715	0	0	55.634	15.285	23.474	16.875	0.242	31.9
0	0	0.006	0.041	4.92	4.92	0	0	50.714	10.365	23.474	16.875	0.048	21.9
0.766	0.093	0.068	0.479	5.33	5.33	0	0	53.518	13.169	23.474	16.875	0.638	11.7
0	0	0.015	0.104	3.895	3.895	0	0	49.623	9.274	23.474	16.875	0.128	10.6
0	0	0.003	0.019	5.125	5.125	0	0	44.615	4.266	23.474	16.875	0.026	10.1
0	0	0	0.003	4.5	4.266	0.234	0	40.115	0	23.24	16.875	0.005	8.13
0	0	0	0.001	1.594	0.065	1.529	0	38.586	0	21.711	16.875	0.001	5.93
0	0	0	0	2.815	2.382	0.432	0	38.154	0	21.279	16.875	0	4.83
1.245	0.195	0.09	0.628	6.252	6.252	0	0	43.668	5.514	21.279	16.875	1.808	4.83
0	0	0.033	0.233	3.075	3.075	0	0	40.593	2.439	21.279	16.875	0.362	4.87
0	0	0.006	0.043	3.051	2.439	0.612	0	37.542	0	20.667	16.875	0.072	8.13
0	0	0.001	0.008	1.778	0.594	1.184	0	36.358	0	19.483	16.875	0.014	5.93
0	0	0	0.002	1.436	0	1.436	0	34.922	0	18.047	16.875	0.003	4.83
0	0	0	0	1.255	0.041	1.214	0	33.708	0	16.833	16.875	0.001	3.03
0.803	0.123	0.068	0.476	3.587	3.587	0	0	37.601	3.892	16.833	16.875	0.795	2.8
3.365	1.139	0.186	1.301	6.56	6.56	0	0	51.569	17.861	16.833	16.875	4.509	4.31
0.943	0.391	0.143	0.999	3.997	3.997	0	0	54.952	20	18.077	16.875	1.31	11.7
3.397	1.083	0.213	1.493	5.842	5.842	0	0	65.724	20	28.849	16.875	3.728	22
0	0	0.112	0.782	4.51	4.51	0	0	62.073	16.349	28.849	16.875	0.746	54.4
0.056	0.004	0.028	0.193	3.69	3.69	0	0	62.245	16.521	28.849	16.875	0.224	22.2
3.206	0.813	0.197	1.378	2.87	2.87	0	0	71.322	20	34.447	16.875	3.343	14.4
0.304	0.08	0.11	0.768	3.895	3.895	0	0	72.111	20	35.236	16.875	0.788	32.3
0	0	0.027	0.186	5.227	5.227	0	0	67.848	15.737	35.236	16.875	0.158	26.4
0	0	0.005	0.034	4.715	4.715	0	0	63.133	11.022	35.236	16.875	0.032	17.4
0	0	0.001	0.006	3.69	3.69	0	0	59.479	7.368	35.236	16.875	0.006	11.1
0	0	0	0.001	5.945	5.945	0	0	58.145	6.034	35.236	16.875	0.001	8.13
3.803	1.083	0.211	1.474	2.87	2.87	0	0	69.49	17.378	35.236	16.875	4.131	11.7
4.89	2.052	0.318	2.225	3.28	3.28	0	0	81.296	20	44.421	16.875	4.551	37.8
0.212	0.071	0.147	1.032	1.742	1.742	0	0	81.753	20	44.878	16.875	0.929	73.1
0	0	0.037	0.26	1.64	1.64	0	0	80.113	18.36	44.878	16.875	0.186	50.7
0	0	0.007	0.051	0.82	0.82	0	0	79.552	17.799	44.878	16.875	0.037	27.5
1.704	0.219	0.128	0.895	1.947	1.947	0	0	83.224	20	46.349	16.875	1.501	19.6
0.802	0.144	0.113	0.793	0.82	0.82	0	0	84.861	20	47.986	16.875	0.69	18.9
1.691	0.344	0.157	1.101	0.307	0.307	0	0	88.139	20	51.264	16.875	0.925	22.2
0	0	0.031	0.22	0.717	0.717	0	0	88.139	20	51.264	16.875	0.181	27.5
0	0	0.008	0.056	0.512	0.512	0	0	87.644	19.505	51.264	16.875	0.036	26.4
0	0	0.002	0.011	1.435	1.435	0	0	86.209	18.07	51.264	16.875	0.007	20.4
0	0	0	0.002	2.05	2.05	0	0	84.159	16.02	51.264	16.875	0.001	15.1
0	0	0	0	3.69	3.69	0	0	80.469	12.33	51.264	16.875	0	11.7
0	0	0	0	3.587	3.587	0	0	76.882	8.743	51.264	16.875	0	8.6
0.725	0.059	0.067	0.467	4.1	4.1	0	0	78.562	10.423	51.264	16.875	0.442	5.93
13.571	7.161	0.498	3.486	4.1	4.1	0	0	102.191	20	65.316	16.875	7.016	6.46
2.399	0.985	0.372	2.602	1.025	1.025	0	0	105.185	20	68.31	16.875	2.247	120
0.594	0.117	0.148	1.034	0.307	0.307	0	0	105.883	20	69.008	16.875	0.642	132
7.724	2.366	0.443	3.099	0.922	0.922	0	0	113.513	20	76.638	16.875	4.199	71.7
82.563	63.709	1.615	11.304	1.537	1.537	0	0	121.406	20	84.531	16.875	8.816	252
0	0	0.882	6.171	1.845	1.845	0	0	120.538	19.131	84.531	16.875	1.763	1470
0	0	0.158	1.105	1.845	1.845	0	0	118.693	17.286	84.531	16.875	0.353	317
0	0	0.029	0.203	3.485	3.485	0	0	115.208	13.801	84.531	16.875	0.071	132
0	0	0.005	0.037	2.87	2.87	0	0	112.338	10.931	84.531	16.875	0.014	76.9
0	0	0.001	0.007	2.46	2.46	0	0	109.878	8.471	84.531	16.875	0.003	53.5
11.659	4.144	0.574	4.016	2.563	2.563	0	0	118.685	17.279	84.531	16.875	5.14	35.5
7.332	2.908	0.663	4.642	1.537	1.537	0	0	121.351	19.945	84.531	16.875	2.791	181
16.068	5.849	0.985	6.898	0.512	0.512	0	0	121.406	20	84.531	16.875	4.397	190
37.89	23.184	1.503	10.518	1.127	1.127	0	0	121.406	20	84.531	16.875	7.068	230
38.418	25.729	1.582	11.073	0	0	0	0	121.406	20	84.531	16.875	7.102	787
2.285	1.425	0.796	5.574	0.615	0.615	0	0	121.406	20	84.531	16.875	1.592	1020
0	0	0.159	1.115	2.665	2.665	0	0	118.771	17.364	84.531	16.875	0.318	362
0	0	0.026	0.184	2.665	2.665	0	0	116.106	14.699	84.531	16.875	0.064	170
0	0	0.005	0.034	2.152	2.152	0	0	113.953	12.547	84.531	16.875	0.013	105
0.43	0.012	0.043	0.3	0.41	0.41	0	0	114.295	12.889	84.531	16.875	0.154	69.7
0	0	0.011	0.078	1.947	1.947	0	0	112.354	10.947	84.531	16.875	0.031	55
0	0	0.002	0.015	3.895	3.895	0	0	108.459	7.052	84.531	16.875	0.006	44.5
0	0	0	0.003	3.075	3.075	0	0	105.384	3.977	84.531	16.875	0.001	40.7
0	0	0	0.001	2.972	2.972	0	0	102.411	1.005	84.531	16.875	0	29.6
0	0	0	0	2.833	1.005	1.828	0	99.578	0	82.703	16.875	0	24.3
0	0	0	0	1.966	0	1.966	0	97.613	0	80.738	16.875	0	22.2
0	0	0	0	1.631	0	1.631	0	95.982	0	79.107	16.875	0	19.6
0	0	0	0	1.786	0	1.786	0	94.195	0	77.32	16.875	0	18.1
0	0	0	0	1.103	0	1.103	0	93.093	0	76.218	16.875	0	16.6
0	0	0	0	1.268	0	1.268	0	91.825	0	74.95	16.875	0	15.9
0	0	0	0	1.338	0.012	1.326	0	90.499	0	73.624	16.875	0	15.9
0	0	0	0	1.662	0	1.662	0	88.836	0	71.961	16.875	0	14.4
0	0	0	0	1.711	0.006	1.705	0	87.131	0	70.256	16.875	0	14.4
0	0	0	0	1.348	0.518	0.831	0	86.3	0	69.425	16.875	0	12.9
0	0	0	0	0.949	0.635	0.314	0	85.986	0	69.111	16.875	0	12.9
0	0	0	0	0.673	0.494	0.179	0	85.807	0	68.932	16.875	0	12.3
0.664	0.044	0.062	0.434	1.435	1.435	0	0	87.097	1.289	68.932	16.875	0.365	12.9
0	0	0.016	0.112	1.651	1.289	0.362	0	85.445	0	68.57	16.875	0.073	12.9
0	0	0.003	0.022	1.366	1.1	0.266	0	85.179	0	68.304	16.875	0.015	12.3
5.196	1.475	0.3	2.099	0.307	0.307	0	0	94.511	9.332	68.304	16.875	3.712	12.3
0	0	0.185	1.293	0.307	0.307	0	0	94.215	9.036	68.304	16.875	0.742	15.1
0	0	0.037	0.257	1.742	1.742	0	0	92.485	7.306	68.304	16.875	0.148	18.1
0	0	0.007	0.05	1.23	1.23	0	0	91.255	6.076	68.304	16.875	0.03	15.9
